# First column is time in seconds, second column is OS velocity in microns/sec, third column is block variance.
-4.250000000000000305e-02 -3.118902087194362904e-01 9.610492447611681418e+05
-4.000000000000000083e-02 3.870310344841542127e-01 7.341054199934361968e+05
-3.749999999999999861e-02 8.708103788441091675e-01 7.766072092998925364e+05
-3.500000000000000333e-02 1.745503490039569117e-01 1.388477472457460826e+06
-3.250000000000000111e-02 -5.190304056222572182e-01 6.647435604771610815e+05
-2.999999999999999889e-02 1.481036865515699963e-01 7.053144429346271791e+05
-2.750000000000000014e-02 -8.383441658570311983e-02 1.991670355838608230e+06
-2.500000000000000139e-02 -3.418799614327329706e-01 1.436597897634985857e+06
-2.249999999999999917e-02 -1.673001649014321246e-01 8.024479948174488964e+05
-2.000000000000000042e-02 -2.023688618008840506e-02 8.324553472354605328e+05
-1.750000000000000167e-02 1.328520306135649587e-01 1.049536476878591813e+06
-1.499999999999999944e-02 5.257225600705760504e-01 6.814251624160730280e+05
-1.250000000000000069e-02 4.924409751977191774e-01 1.114152334768481553e+06
-1.000000000000000021e-02 2.012083867594389452e-01 6.600287010869040387e+05
-7.499999999999999722e-03 -9.652824077302758488e-01 5.805278913211660692e+05
-5.000000000000000104e-03 -1.029571064553596482e+00 1.974754752485066419e+06
-2.500000000000000052e-03 -1.087046609811066045e+00 1.555205028331624111e+06
0.000000000000000000e+00 3.670021597206620800e-01 6.833228694816026837e+05
2.500000000000000052e-03 -1.263078133033419814e-01 9.544923744851790834e+05
5.000000000000000104e-03 -6.057844377074925735e-01 3.141298722855403088e+06
7.499999999999999722e-03 -2.064136390719698344e+00 3.346962750846018549e+06
1.000000000000000021e-02 4.106999989186432831e-01 8.813431811605264666e+05
1.250000000000000069e-02 2.287528393780551728e+00 8.584667503158533946e+05
1.499999999999999944e-02 1.462656833001968248e+00 7.787640672841836931e+05
1.750000000000000167e-02 6.957908397760678154e-01 8.843427040344085544e+05
2.000000000000000042e-02 5.956692639653404786e-01 1.541628298794409726e+06
2.249999999999999917e-02 8.435994745815184048e-01 7.417778481236698572e+05
2.500000000000000139e-02 1.225220083442482899e+00 9.988225651145109441e+05
2.750000000000000014e-02 1.461052166977771627e+00 1.104989452771609416e+06
2.999999999999999889e-02 1.326242548546543443e+00 7.517383252934251213e+05
3.250000000000000111e-02 1.692412933679215747e+00 1.027494044141946943e+06
3.500000000000000333e-02 2.143674159565216009e+00 6.586475123328964692e+05
3.749999999999999861e-02 2.121080841259004757e+00 6.544557415766780032e+05
4.000000000000000083e-02 1.485676728729192098e+00 7.215149431434890721e+05
4.250000000000000305e-02 1.001081757519002746e+00 1.141998161198913818e+06
4.499999999999999833e-02 1.236196152425522499e+00 1.419383390246316325e+06
4.750000000000000056e-02 8.991627472190355519e-01 6.948383656714686658e+05
5.000000000000000278e-02 1.216534040544975381e+00 8.753690736055732705e+05
5.249999999999999806e-02 1.700155897107724190e+00 7.781190127321705222e+05
5.500000000000000028e-02 2.324627374178132477e+00 7.342373589222044684e+05
5.750000000000000250e-02 1.650784074239500132e+00 1.161346304110936355e+06
5.999999999999999778e-02 5.334774523628347254e-01 7.118453622938590124e+05
6.250000000000000000e-02 6.477603637470353837e-01 6.423975989884707378e+05
6.500000000000000222e-02 1.097003136909867838e+00 1.360792027607699391e+06
6.750000000000000444e-02 1.355313395365660423e+00 7.048952435423802817e+05
7.000000000000000666e-02 1.340492579219703551e+00 6.988841131022442132e+05
7.249999999999999500e-02 9.187352177542513765e-01 8.272568770806309767e+05
