# First column is time in seconds, second column is OS velocity in microns/sec, third column is block variance.
-4.250000000000000305e-02 -3.108852172142241299e-01 9.601481243599585723e+05
-4.000000000000000083e-02 3.837533038559286513e-01 7.349304243896129774e+05
-3.749999999999999861e-02 8.685526299358419244e-01 7.743733099778173491e+05
-3.500000000000000333e-02 1.775717236081449102e-01 1.399440161024343688e+06
-3.250000000000000111e-02 -5.205678098527264375e-01 6.671676488355409820e+05
-2.999999999999999889e-02 1.424101613455079074e-01 7.037044699952289229e+05
-2.750000000000000014e-02 -8.067186799806877473e-02 2.000115200235515833e+06
-2.500000000000000139e-02 -3.437568716311833472e-01 1.418129844362513395e+06
-2.249999999999999917e-02 -1.717577214436677990e-01 8.205387371814987855e+05
-2.000000000000000042e-02 -1.990804904327823574e-02 8.389414107591535430e+05
-1.750000000000000167e-02 1.344810951383565434e-01 1.047898096923954319e+06
-1.499999999999999944e-02 5.231317412099776298e-01 6.834551580131200608e+05
-1.250000000000000069e-02 4.915789564237702525e-01 1.099449124058520189e+06
-1.000000000000000021e-02 2.091429104819696461e-01 6.617498734796012286e+05
-7.499999999999999722e-03 -9.647617131306618354e-01 5.790080219441719819e+05
-5.000000000000000104e-03 -9.936082016319519594e-01 1.916811189461646834e+06
-2.500000000000000052e-03 -1.085949573992994743e+00 1.579012005498264218e+06
0.000000000000000000e+00 3.662655681160461030e-01 6.883882807287820615e+05
2.500000000000000052e-03 -1.260978075038614032e-01 9.495873464623414911e+05
5.000000000000000104e-03 -6.041463167459268924e-01 3.141344081031277776e+06
7.499999999999999722e-03 -2.062889690382894603e+00 3.353728153915439267e+06
1.000000000000000021e-02 4.204704054095261823e-01 8.783986526787357870e+05
1.250000000000000069e-02 2.284594747560137140e+00 8.593344427526341751e+05
1.499999999999999944e-02 1.242891966065588605e+00 7.799731412808233872e+05
1.750000000000000167e-02 6.929858343134792653e-01 9.198909808107542340e+05
2.000000000000000042e-02 6.305494312464624551e-01 1.544561910619151313e+06
2.249999999999999917e-02 8.434742008521811663e-01 7.432031542892790167e+05
2.500000000000000139e-02 1.225285634637673704e+00 9.986656460431821179e+05
2.750000000000000014e-02 1.465160624319446825e+00 1.093694232068620389e+06
2.999999999999999889e-02 1.326953778756981839e+00 7.503779974642932648e+05
3.250000000000000111e-02 1.690310400362449395e+00 1.026902758677279111e+06
3.500000000000000333e-02 2.146786115954484764e+00 6.548605803365398897e+05
3.749999999999999861e-02 2.101287244258673415e+00 6.564312226441141684e+05
4.000000000000000083e-02 1.484798062230646032e+00 7.216537703925938113e+05
4.250000000000000305e-02 9.982200997973987855e-01 1.139185688737830147e+06
4.499999999999999833e-02 1.110536355192727420e+00 1.419508335040011909e+06
4.750000000000000056e-02 9.030891531784904780e-01 6.927608851625142852e+05
5.000000000000000278e-02 1.226229009813795123e+00 8.769395535180178704e+05
5.249999999999999806e-02 1.667139253486521255e+00 7.787248367735109059e+05
5.500000000000000028e-02 2.307638805348452227e+00 7.342360620429955889e+05
5.750000000000000250e-02 1.637307571951888585e+00 1.161912593646943336e+06
5.999999999999999778e-02 4.826367978855246599e-01 7.074169900845388183e+05
6.250000000000000000e-02 6.463508591974530537e-01 6.416639977552767377e+05
6.500000000000000222e-02 1.101882839169613604e+00 1.401635864996045362e+06
6.750000000000000444e-02 1.354353473752288872e+00 7.068533460162002593e+05
7.000000000000000666e-02 1.339020734649936317e+00 6.991146135342919733e+05
7.249999999999999500e-02 9.259726316865788398e-01 8.269801147636045935e+05
